28 88 0  3890.685654
19 50 0  2126.534446
1 53 0  2508.996634
21 64 1 22  2781.774182
25 82 1 26  3733.013523
10 69 1 11  3849.282440
29 63 1 30  2436.076086
35 74 1 36  2769.065743
6 52 2 7 8  2575.165887
22 91 2 23 24  4739.917490
6 82 2 7 8  4463.687924
3 81 2 4 5  4955.201360
0 100 2 1 2  6335.366678
11 88 2 12 13  4618.380064
20 67 2 21 22  3065.489793
3 72 2 4 5  4213.365436
16 94 3 17 18 19  4847.450654
18 69 3 19 20 21  3036.583301
29 51 3 30 31 32  1655.687695
34 76 3 35 36 37  2798.306976
12 76 3 13 14 15  3974.992006
19 59 3 20 21 22  3105.956078
29 89 3 30 31 32  4244.706305
23 89 3 24 25 26  4476.359074
Graph: |V|=101, |E|=490, !TIE  Radius:3211.78581843,  Diameter:6106.319717290001