100
99
0 7 1
0 88 1
1 94 1
1 74 1
2 9 1
2 59 1
3 65 1
3 30 1
4 14 1
4 90 1
5 68 1
5 8 1
6 28 1
6 45 1
7 74 1
8 29 1
9 71 1
10 63 1
10 35 1
11 40 1
12 59 1
12 48 1
13 32 1
13 33 1
14 49 1
15 17 1
15 64 1
16 36 1
16 49 1
17 19 1
18 96 1
18 54 1
19 29 1
20 46 1
20 77 1
21 78 1
21 40 1
22 31 1
22 42 1
23 73 1
23 68 1
24 48 1
24 75 1
25 67 1
25 98 1
26 82 1
26 43 1
27 47 1
27 34 1
28 85 1
30 62 1
31 43 1
32 38 1
33 60 1
34 96 1
35 72 1
36 64 1
37 60 1
37 89 1
38 92 1
39 58 1
39 94 1
41 81 1
41 78 1
42 97 1
44 99 1
44 91 1
45 87 1
46 54 1
47 86 1
50 84 1
50 58 1
51 79 1
51 95 1
52 93 1
52 82 1
53 76 1
53 86 1
55 57 1
55 83 1
56 69 1
56 61 1
57 80 1
61 70 1
62 79 1
63 90 1
65 70 1
66 95 1
66 67 1
69 89 1
71 98 1
72 84 1
73 75 1
76 88 1
77 85 1
81 87 1
83 93 1
91 92 1
97 99 1
